256
12
12
12
11.6791 0.0151055 0.962916
0.991051 2.01379 1.55709
1.67561 1.71943 0.145088
1.58198 11.9592 1.79609
0.0450571 0.833333 3.54752
0.806593 2.1003 5.04289
2.24999 1.88006 3.92155
2.0987 1.51987 4.98555
0.673438 0.329757 6.29013
1.01814 2.2882 8.04534
2.14221 2.0647 6.20078
1.66228 0.0763152 7.85764
0.540748 0.173231 10.4267
0.872782 1.96342 11.4161
1.83869 2.59846 8.98583
1.78518 0.675336 10.601
0.5 3.5 0.5
0.359862 4.2626 1.43972
2.33446 5.56126 0.829911
1.60087 3.8744 2.26015
0.931406 3.89613 3.43063
0.591711 4.91477 5.03151
1.66346 5.15614 3.5341
1.22447 3.28901 4.91673
0.742423 3.91036 6.87402
0.790189 4.56932 8.03977
1.38782 4.80168 5.68557
2.06444 3.76993 7.75119
0.322618 4.32259 9.2196
0.459695 5.53096 11.2198
2.2147 4.72768 9.56591
2.13641 3.85925 11.4783
0.128421 6.4543 11.8884
1.00071 7.60183 1.67174
1.29283 8.67419 0.603938
1.40478 6.24039 2.50666
1.15728 6.46106 3.79921
0.507271 7.87975 5.36158
1.51846 8.41285 3.5482
1.97433 6.07255 5.19409
0.566516 6.19094 6.42899
0.461824 7.60734 7.61233
2.34899 8.19333 6.95929
1.79757 6.40906 8.05132
11.7586 7.00219 9.31808
0.286173 8.05494 11.1497
1.62381 8.46548 9.6256
1.917 6.75597 11.3032
0.616052 9.61279 1.15626
0.589893 11.5389 1.25537
1.91179 11.074 0.00304175
1.80312 9.78167 1.72114
0.466695 9.63342 2.3793
0.5 11 5
1.61952 10.5313 3.9929
2.22942 10.5324 5.07236
0.467107 9.10198 6.80712
0.744678 11.3903 8.10887
1.49579 11.4884 5.82719
2.4707 9.39182 7.77168
11.8341 10.1379 9.67928
0.454886 10.7988 11.4333
2.32229 11.9996 9.59265
2.25906 9.2914 10.807
4.05453 0.135264 11.7503
3.54532 2.17282 1.8735
4.44965 1.38253 11.9706
4.67678 1.26855 2.17263
3.77388 1.15047 3.66109
3.53358 2.09607 4.54887
5.06719 2.37651 3.73816
4.19494 0.230123 4.38226
3.37588 11.8538 6.06827
3.66086 2.28954 8.06696
4.93424 2.40494 6.48308
5.55086 0.159815 8.50158
3.89173 0.196204 9.9576
3.15903 1.70829 10.97
5.446 2.06285 9.74184
4.72477 0.189768 10.5681
3.97712 3.39619 0.419653
3.37118 5.58345 1.39387
5.02794 5.10992 0.729805
5.52322 3.92771 1.74422
3.62009 3.76322 3.59323
3.2907 4.78615 5.002
4.57016 4.756 3.07261
4.92334 4.07679 4.83166
3.23827 4.11668 6.34185
3.35359 4.96527 8.31354
5.51642 5.09962 6.54548
4.58015 3.48597 7.1764
3.91971 2.83357 10.1865
3.62885 4.69878 11.0608
5.21149 5.44404 9.57767
4.54397 3.02459 11.5219
2.72753 7.32655 0.643827
3.1655 8.5045 2.85969
6.42319 8.47658 11.7184
4.88165 6.60828 2.52356
4.18172 5.86382 3.40944
4.05118 7.37191 5.3509
4.63309 7.57142 3.99729
4.19533 6.38128 5.92865
3.8244 7.23044 7.14087
4.10479 7.67661 8.68233
4.74867 7.7279 6.98944
4.39068 6.02873 8.60595
4.02357 6.57466 10.4885
3.5 8 11
4.87672 7.70908 10.2421
5.50023 6.32789 11.4121
3.38548 9.59595 0.665853
3.91569 10.5326 2.15631
4.81543 11.5351 0.693646
4.89537 8.82012 1.08882
3.62832 9.55384 3.36551
3.83037 10.6733 5.79045
4.90608 11.0379 3.47969
4.46829 9.48143 5.05945
3.75027 9.24609 6.11577
3.19894 11.3805 7.959
5.98657 9.61765 7.47781
5 9.5 8
3.30536 9.61952 10.0442
3.92 10.6254 11.1908
5.47921 9.96427 9.19823
4.75705 9.86267 11.6227
6.68844 0.556769 11.626
6.92048 2.1427 1.96901
8.72694 2.43786 0.784352
8.44376 0.55882 2.79644
6.8996 0.797443 3.66715
5.88508 2.81649 5.96445
8.734 1.58524 4.97572
7.95482 0.334983 3.85786
5.90527 11.5137 7.08081
6.33127 2.93835 8.64641
8.09221 1.55973 6.36094
7.50218 0.19712 7.70322
6.51257 0.866715 9.27485
6.36321 1.85222 10.2858
9.65016 1.9138 9.30731
8 0.5 11
6.39653 3.95373 0.0239975
6.44754 4.6111 2.13105
9.06238 5.15158 0.185521
8.15455 3.42002 2.05636
5.85905 3.38828 3.3904
6.89497 4.63281 6.07784
7.92508 5.24555 3.71165
7.97601 3.66311 4.64089
6.99177 3.81923 6.86077
5.70871 5.06353 7.87442
8 5 6.5
7.70329 2.54598 8.81834
6.07803 3.76631 9.64452
6.5 5 11
8 5 9.5
8.12994 3.02013 10.5185
6.18924 7.1135 0.908442
7.03419 7.86836 0.839328
8.31742 8.09381 11.9814
7.76696 6.56394 2.83908
6.91151 6.07644 3.91534
6.19203 7.57883 5.41982
7.82228 7.72951 4.10643
8.23707 6.15726 4.54549
6.17132 6.88764 6.45354
6.62003 7.80649 7.29103
7.734 7.52483 6.76194
7.60352 6.92052 7.9764
6.94661 6.52581 9.1829
5.47911 8.36963 11.2145
8.00374 7.83009 10.7674
7.80504 6.64777 11.2742
5.8045 9.56431 0.175796
6.86745 11.1048 2.45574
8.46945 11.128 0.601412
7.84372 10.0634 2.55381
6.26166 10.7293 3.22311
7.51714 11.639 5.00593
8 11 3.5
7.53139 9.81284 5.20063
6.25332 9.18207 6.29851
6.99157 10.7966 7.34171
8.56522 10.6331 6.51391
7.63924 9.59952 8.8374
6.88715 9.03839 10.1727
6.53393 11.0873 10.93
8.74754 11.6005 8.88441
7.29561 9.01728 11.5163
9.04753 11.9445 0.0505598
9.0995 2.04765 1.72292
10.1909 2.43445 0.421202
11.3299 0.535316 2.37225
8.9661 1.0334 3.89917
9.51667 2.42823 5.40502
9.70994 3.06709 3.07368
11.2676 11.484 5.43776
10.2517 0.663225 5.69831
9.56076 2.2349 8.09395
11.1891 1.74954 6.10104
11.0959 1.42603 8.04853
10.1728 0.782908 8.74358
8.95974 1.95301 10.6399
10.981 2.86877 9.11367
10.755 0.160211 10.9515
9.87155 3.80456 0.978038
9.89542 4.9245 0.849466
11.6508 4.56 0.307262
10.9595 4.02986 1.68469
9.18463 3.61064 4.25671
8.66999 5.2544 5.47214
10.2171 4.98241 2.89407
11.0826 4.07071 5.04095
8.87712 2.691 6.53247
8.66643 4.17167 7.89232
10.8374 5.34622 6.40191
10.4021 2.78575 8.06491
9.04121 3.65033 9.20098
9.87186 5.35384 11.5965
10.6753 5.25473 8.9322
10.6926 3.59655 10.1507
9.5 6.5 0.5
9.71009 8.51981 1.90858
11.2242 7.31772 11.7395
10.2815 7.45059 1.83395
8.90168 6.6436 3.32124
9.46755 8.92018 4.66947
10.7169 8.86683 3.99788
11.5556 7.16474 5.42964
9.20784 6.97514 6.8141
9.50666 7.30731 8.39177
11.1536 9.02268 6.35519
11.2094 6.98599 8.43515
9.86618 6.24416 9.12185
10.0769 8.00158 11.8103
10.8255 7.64722 10.1319
11.5747 6.14214 11.042
9.75998 9.00487 0.358659
9.42625 11.1768 1.85379
11.0501 10.664 0.301338
10.5472 9.52567 1.61372
8.75915 9.10044 3.46635
8.43763 10.9926 5.12143
11.5334 10.8936 3.38547
11 9.5 5
10.2043 10.0323 6.38414
8.99531 10.6496 7.83546
10.9651 10.7307 6.29287
11.4685 10.7276 7.82199
8.93894 9.7114 9.6391
9.30058 11.5899 10.5544
10.5788 10.9475 9.78443
10.744 8.91251 9.67535
